<?xml version="1.0" encoding="utf-8"?>
<COLLADA xmlns="http://www.collada.org/2005/11/COLLADASchema" version="1.4.1">
  <asset>
    <contributor>
      <author>Mixamo</author>
      <authoring_tool>COLLADA Mixamo exporter</authoring_tool>
      <comments/>
    </contributor>
    <created>2025-03-31T01:00:10Z</created>
    <modified>2025-03-31T01:00:10Z</modified>
    <revision/>
    <title/>
    <unit meter="0.010000"/>
    <up_axis>Y_UP</up_axis>
  </asset>
  <library_animations>
    <animation id="mixamorig_Hips-anim" name="mixamorig_Hips">
      <source id="mixamorig_Hips-Matrix-animation-input">
        <float_array id="mixamorig_Hips-Matrix-animation-input-array" count="149">

0.000000 0.033333 0.066667 0.100000 0.133333 0.166667 0.200000 0.233333 0.266667 0.300000 0.333333 0.366667 0.400000 0.433333 0.466667 0.500000
0.533333 0.566667 0.600000 0.633333 0.666667 0.700000 0.733333 0.766667 0.800000 0.833333 0.866667 0.900000 0.933333 0.966667 1.000000 1.033333
1.066667 1.100000 1.133333 1.166667 1.200000 1.233333 1.266667 1.300000 1.333333 1.366667 1.400000 1.433333 1.466667 1.500000 1.533333 1.566667
1.600000 1.633333 1.666667 1.700000 1.733333 1.766667 1.800000 1.833333 1.866667 1.900000 1.933333 1.966667 2.000000 2.033333 2.066667 2.100000
2.133333 2.166667 2.200000 2.233333 2.266667 2.300000 2.333333 2.366667 2.400000 2.433333 2.466667 2.500000 2.533333 2.566667 2.600000 2.633333
2.666667 2.700000 2.733333 2.766667 2.800000 2.833333 2.866667 2.900000 2.933333 2.966667 3.000000 3.033333 3.066667 3.100000 3.133333 3.166667
3.200000 3.233333 3.266667 3.300000 3.333333 3.366667 3.400000 3.433333 3.466667 3.500000 3.533333 3.566667 3.600000 3.633333 3.666667 3.700000
3.733333 3.766667 3.800000 3.833333 3.866667 3.900000 3.933333 3.966667 4.000000 4.033333 4.066667 4.100000 4.133333 4.166667 4.200000 4.233333
4.266667 4.300000 4.333333 4.366667 4.400000 4.433333 4.466667 4.500000 4.533333 4.566667 4.600000 4.633333 4.666667 4.700000 4.733333 4.766667
4.800000 4.833333 4.866667 4.900000 4.933333</float_array>
        <technique_common>
          <accessor source="#mixamorig_Hips-Matrix-animation-input-array" count="149">
            <param name="TIME" type="float"/>
          </accessor>
        </technique_common>
      </source>
      <source id="mixamorig_Hips-Matrix-animation-output-transform">
        <float_array id="mixamorig_Hips-Matrix-animation-output-transform-array" count="2384">

0.991895 -0.121114 -0.038413 -0.715324 0.123218 0.990673 0.058182 97.986191 0.031008 -0.062444 0.997567 1.228554 0.000000 0.000000 0.000000 1.000000
0.995374 -0.093081 -0.023785 -1.538599 0.094360 0.993731 0.059950 97.943687 0.018056 -0.061917 0.997918 1.370999 0.000000 0.000000 0.000000 1.000000
0.998376 -0.055759 -0.011693 -2.683549 0.056394 0.996366 0.063839 97.786781 0.008091 -0.064394 0.997892 1.548381 0.000000 0.000000 0.000000 1.000000
0.999938 -0.011071 -0.001317 -4.092102 0.011136 0.997556 0.068981 97.554192 0.000550 -0.068992 0.997617 1.752097 0.000000 0.000000 0.000000 1.000000
0.999229 0.037921 0.010128 -5.647809 -0.038569 0.996505 0.074100 97.245338 -0.007283 -0.074433 0.997199 1.951921 0.000000 0.000000 0.000000 1.000000
0.995830 0.086922 0.027713 -7.173995 -0.088838 0.993010 0.077709 96.795609 -0.020764 -0.079847 0.996591 2.091252 0.000000 0.000000 0.000000 1.000000
0.989630 0.132256 0.056042 -8.511370 -0.136482 0.987419 0.079850 96.113167 -0.044776 -0.086671 0.995230 2.109272 0.000000 0.000000 0.000000 1.000000
0.981161 0.170057 0.091673 -9.587611 -0.177751 0.980524 0.083535 95.179871 -0.075682 -0.098256 0.992279 1.974165 0.000000 0.000000 0.000000 1.000000
0.972711 0.195870 0.124371 -10.409666 -0.207994 0.973668 0.093320 94.166962 -0.102818 -0.116642 0.987838 1.707900 0.000000 0.000000 0.000000 1.000000
0.968147 0.206211 0.142012 -11.015655 -0.222685 0.968450 0.111870 93.388664 -0.114463 -0.139930 0.983523 1.377197 0.000000 0.000000 0.000000 1.000000
0.970053 0.200270 0.137439 -11.410081 -0.218717 0.966313 0.135652 93.152138 -0.105642 -0.161649 0.981177 1.064370 0.000000 0.000000 0.000000 1.000000
0.976677 0.181436 0.114816 -11.517491 -0.197890 0.968137 0.153464 93.564751 -0.083313 -0.172606 0.981461 0.840098 0.000000 0.000000 0.000000 1.000000
0.984084 0.155360 0.086263 -11.221558 -0.167348 0.973508 0.155812 94.474602 -0.059770 -0.167768 0.984013 0.735850 0.000000 0.000000 0.000000 1.000000
0.990288 0.125077 0.060707 -10.475108 -0.132579 0.981023 0.141477 95.592072 -0.041860 -0.148151 0.988078 0.739278 0.000000 0.000000 0.000000 1.000000
0.995127 0.090349 0.039495 -9.362957 -0.094420 0.988565 0.117574 96.606171 -0.028421 -0.120730 0.992278 0.791856 0.000000 0.000000 0.000000 1.000000
0.998695 0.048301 0.016593 -8.093067 -0.049667 0.994210 0.095288 97.259323 -0.011895 -0.095987 0.995311 0.803096 0.000000 0.000000 0.000000 1.000000
0.999887 -0.002324 -0.014840 -6.900673 0.003548 0.996541 0.083029 97.377014 0.014596 -0.083072 0.996437 0.693887 0.000000 0.000000 0.000000 1.000000
0.996994 -0.055692 -0.053873 -5.910547 0.059999 0.994830 0.081939 96.994614 0.049031 -0.084925 0.995180 0.458893 0.000000 0.000000 0.000000 1.000000
0.990534 -0.101812 -0.092069 -5.129885 0.110054 0.989899 0.089375 96.378654 0.082040 -0.098662 0.991733 0.177847 0.000000 0.000000 0.000000 1.000000
0.984452 -0.130657 -0.117400 -4.493084 0.142742 0.984572 0.101202 95.936943 0.102366 -0.116386 0.987915 -0.022801 0.000000 0.000000 0.000000 1.000000
0.983156 -0.137861 -0.119994 -3.938402 0.151315 0.982195 0.111339 96.016228 0.102508 -0.127621 0.986512 -0.050588 0.000000 0.000000 0.000000 1.000000
0.986439 -0.128951 -0.101541 -3.471531 0.140148 0.983755 0.112178 96.637650 0.085426 -0.124888 0.988486 0.068987 0.000000 0.000000 0.000000 1.000000
0.990837 -0.113610 -0.073034 -3.150384 0.120613 0.987654 0.099962 97.480583 0.060776 -0.107855 0.992307 0.200838 0.000000 0.000000 0.000000 1.000000
0.993689 -0.101058 -0.048685 -3.052742 0.104661 0.991426 0.078238 98.066772 0.040361 -0.082840 0.995745 0.190620 0.000000 0.000000 0.000000 1.000000
0.994502 -0.097089 -0.039240 -3.230578 0.099242 0.993416 0.057238 98.036888 0.033425 -0.060817 0.997589 -0.044815 0.000000 0.000000 0.000000 1.000000
0.993679 -0.101780 -0.047363 -3.672494 0.104135 0.993294 0.050233 97.344086 0.041932 -0.054848 0.997614 -0.487782 0.000000 0.000000 0.000000 1.000000
0.992005 -0.108717 -0.064076 -4.299529 0.112759 0.991607 0.063247 96.342667 0.056662 -0.069967 0.995939 -1.033958 0.000000 0.000000 0.000000 1.000000
0.990834 -0.110261 -0.078044 -5.041822 0.117267 0.988853 0.091746 95.586578 0.067058 -0.100057 0.992719 -1.553626 0.000000 0.000000 0.000000 1.000000
0.991727 -0.100320 -0.080079 -5.877121 0.109561 0.986603 0.120873 95.531372 0.066880 -0.128646 0.989433 -1.921808 0.000000 0.000000 0.000000 1.000000
0.994876 -0.076194 -0.066458 -6.824941 0.084402 0.987784 0.130993 96.264038 0.055665 -0.135931 0.989153 -2.046354 0.000000 0.000000 0.000000 1.000000
0.998421 -0.039265 -0.040179 -7.911760 0.043416 0.993172 0.108277 97.412598 0.035654 -0.109851 0.993308 -1.912871 0.000000 0.000000 0.000000 1.000000
0.999938 0.004414 -0.010247 -9.144661 -0.003765 0.998037 0.062517 98.393173 0.010503 -0.062474 0.997991 -1.646917 0.000000 0.000000 0.000000 1.000000
0.998607 0.050044 0.016750 -10.465749 -0.050316 0.998602 0.016196 98.790367 -0.015916 -0.017017 0.999729 -1.431730 0.000000 0.000000 0.000000 1.000000
0.994623 0.095659 0.039675 -11.758528 -0.095412 0.995405 -0.008065 98.485031 -0.040264 0.004236 0.999180 -1.408106 0.000000 0.000000 0.000000 1.000000
0.987698 0.143388 0.062387 -12.874692 -0.143707 0.989620 0.000622 97.584686 -0.061650 -0.009580 0.998052 -1.603863 0.000000 0.000000 0.000000 1.000000
0.977090 0.193753 0.088058 -13.724028 -0.197531 0.979622 0.036354 96.271278 -0.079220 -0.052915 0.995452 -1.937352 0.000000 0.000000 0.000000 1.000000
0.964044 0.240664 0.112693 -14.338947 -0.250409 0.964656 0.082057 94.829681 -0.088962 -0.107326 0.990236 -2.277178 0.000000 0.000000 0.000000 1.000000
0.952714 0.275611 0.127964 -14.834841 -0.291034 0.948716 0.123439 93.660812 -0.087380 -0.154844 0.984067 -2.516520 0.000000 0.000000 0.000000 1.000000
0.947165 0.293791 0.128706 -15.322755 -0.311455 0.938316 0.150196 93.112648 -0.076641 -0.182346 0.980243 -2.590956 0.000000 0.000000 0.000000 1.000000
0.947109 0.297894 0.119343 -15.828616 -0.314072 0.936809 0.154100 93.233566 -0.065897 -0.183432 0.980821 -2.482224 0.000000 0.000000 0.000000 1.000000
0.947679 0.297858 0.114823 -16.265137 -0.311730 0.940972 0.131894 93.695686 -0.068759 -0.160787 0.984591 -2.238413 0.000000 0.000000 0.000000 1.000000
0.944663 0.302033 0.128019 -16.505646 -0.314377 0.944992 0.090315 94.067383 -0.093698 -0.125564 0.987651 -1.971730 0.000000 0.000000 0.000000 1.000000
0.936124 0.312521 0.161249 -16.457409 -0.323092 0.945370 0.043449 94.101028 -0.138861 -0.092772 0.985957 -1.802185 0.000000 0.000000 0.000000 1.000000
0.923001 0.325444 0.205317 -16.099474 -0.334408 0.942380 0.009581 93.805199 -0.190369 -0.077503 0.978649 -1.805944 0.000000 0.000000 0.000000 1.000000
0.910653 0.333779 0.243521 -15.475470 -0.345403 0.938439 0.005385 93.321014 -0.226733 -0.089016 0.969881 -1.995257 0.000000 0.000000 0.000000 1.000000
0.906656 0.331787 0.260561 -14.651877 -0.351739 0.935528 0.032664 92.794434 -0.232924 -0.121264 0.964905 -2.323343 0.000000 0.000000 0.000000 1.000000
0.914273 0.317840 0.251163 -13.680227 -0.346321 0.934904 0.077568 92.402504 -0.210159 -0.157901 0.964832 -2.712273 0.000000 0.000000 0.000000 1.000000
0.930401 0.293465 0.219616 -12.601668 -0.324276 0.938328 0.119938 92.380127 -0.170875 -0.182807 0.968186 -3.058298 0.000000 0.000000 0.000000 1.000000
0.948590 0.261614 0.178143 -11.461488 -0.287997 0.946899 0.142967 92.923424 -0.131281 -0.186922 0.973563 -3.254600 0.000000 0.000000 0.000000 1.000000
0.964174 0.224606 0.141139 -10.315088 -0.244041 0.959599 0.140048 94.027641 -0.103981 -0.169474 0.980034 -3.241521 0.000000 0.000000 0.000000 1.000000
0.976539 0.182637 0.114086 -9.219995 -0.195872 0.973481 0.118186 95.437012 -0.089475 -0.137760 0.986416 -3.053772 0.000000 0.000000 0.000000 1.000000
0.986666 0.134512 0.091637 -8.207809 -0.142489 0.985974 0.086901 96.809204 -0.078662 -0.098800 0.991993 -2.768328 0.000000 0.000000 0.000000 1.000000
0.994699 0.080813 0.063589 -7.276406 -0.084329 0.994935 0.054700 97.876991 -0.058846 -0.059772 0.996476 -2.455898 0.000000 0.000000 0.000000 1.000000
0.999453 0.025243 0.021354 -6.423819 -0.025848 0.999259 0.028531 98.495949 -0.020618 -0.029068 0.999365 -2.167015 0.000000 0.000000 0.000000 1.000000
0.999005 -0.025435 -0.036625 -5.675827 0.026008 0.999545 0.015257 98.588806 0.036220 -0.016194 0.999213 -1.946951 0.000000 0.000000 0.000000 1.000000
0.992980 -0.065392 -0.098559 -5.055879 0.067418 0.997574 0.017362 98.183548 0.097185 -0.023884 0.994980 -1.811049 0.000000 0.000000 0.000000 1.000000
0.984437 -0.093864 -0.148568 -4.574203 0.099915 0.994422 0.033788 97.424957 0.144568 -0.048106 0.988325 -1.723909 0.000000 0.000000 0.000000 1.000000
0.978326 -0.113533 -0.173171 -4.190480 0.125274 0.990401 0.058413 96.637115 0.164877 -0.078841 0.983158 -1.599186 0.000000 0.000000 0.000000 1.000000
0.977472 -0.128059 -0.167779 -3.840506 0.143170 0.986357 0.081252 96.217804 0.155085 -0.103443 0.982470 -1.355369 0.000000 0.000000 0.000000 1.000000
0.980400 -0.138568 -0.140054 -3.498207 0.152098 0.984168 0.090989 96.412994 0.125228 -0.110508 0.985954 -0.983914 0.000000 0.000000 0.000000 1.000000
0.983722 -0.144119 -0.107336 -3.223135 0.153248 0.984756 0.082283 97.095444 0.093841 -0.097393 0.990812 -0.572026 0.000000 0.000000 0.000000 1.000000
0.985692 -0.145365 -0.085325 -3.123805 0.150434 0.987016 0.056299 97.841469 0.076033 -0.068329 0.994761 -0.223700 0.000000 0.000000 0.000000 1.000000
0.985356 -0.147272 -0.085933 -3.299028 0.149613 0.988512 0.021439 98.180771 0.081788 -0.033981 0.996070 -0.003924 0.000000 0.000000 0.000000 1.000000
0.980919 -0.156760 -0.114995 -3.786402 0.156864 0.987586 -0.008204 97.855568 0.114853 -0.009991 0.993332 0.057123 0.000000 0.000000 0.000000 1.000000
0.970663 -0.174444 -0.165478 -4.551646 0.173822 0.984606 -0.018350 96.969849 0.166131 -0.010952 0.986043 -0.070576 0.000000 0.000000 0.000000 1.000000
0.958369 -0.188636 -0.214350 -5.536296 0.192160 0.981353 -0.004470 95.935081 0.211196 -0.036906 0.976747 -0.396807 0.000000 0.000000 0.000000 1.000000
0.955058 -0.182837 -0.233311 -6.727780 0.195000 0.980345 0.029972 95.221077 0.223246 -0.074121 0.971940 -0.868159 0.000000 0.000000 0.000000 1.000000
0.969084 -0.145656 -0.199150 -8.136037 0.162856 0.983959 0.072818 95.098091 0.185349 -0.103000 0.977260 -1.349362 0.000000 0.000000 0.000000 1.000000
0.991647 -0.076702 -0.103695 -9.724989 0.087256 0.991011 0.101406 95.436859 0.094985 -0.109607 0.989426 -1.683997 0.000000 0.000000 0.000000 1.000000
0.999496 0.008968 0.030462 -11.418054 -0.011852 0.995325 0.095856 95.772224 -0.029460 -0.096169 0.994929 -1.813962 0.000000 0.000000 0.000000 1.000000
0.981793 0.093251 0.165491 -13.092167 -0.104247 0.992797 0.059039 95.707886 -0.158794 -0.075216 0.984442 -1.811294 0.000000 0.000000 0.000000 1.000000
0.946146 0.169753 0.275667 -14.587811 -0.179022 0.983807 0.008623 95.073334 -0.269739 -0.057509 0.961215 -1.798015 0.000000 0.000000 0.000000 1.000000
0.903812 0.240630 0.353865 -15.782247 -0.243303 0.969219 -0.037648 93.904259 -0.352032 -0.052070 0.934538 -1.881719 0.000000 0.000000 0.000000 1.000000
0.864783 0.300689 0.402165 -16.662584 -0.300412 0.951560 -0.065477 92.318237 -0.402372 -0.064191 0.913223 -2.128212 0.000000 0.000000 0.000000 1.000000
0.841308 0.333167 0.425677 -17.240213 -0.338269 0.938721 -0.066160 90.607651 -0.421635 -0.088332 0.902453 -2.564649 0.000000 0.000000 0.000000 1.000000
0.844967 0.322387 0.426729 -17.459549 -0.338429 0.940136 -0.040133 89.260628 -0.414121 -0.110506 0.903489 -3.203969 0.000000 0.000000 0.000000 1.000000
0.875661 0.264666 0.403943 -17.237560 -0.288598 0.957449 -0.001710 88.738800 -0.387208 -0.115079 0.914782 -4.014555 0.000000 0.000000 0.000000 1.000000
0.917960 0.172889 0.357015 -16.561443 -0.194068 0.980692 0.024079 89.154648 -0.345959 -0.091388 0.933788 -4.873888 0.000000 0.000000 0.000000 1.000000
0.953312 0.071998 0.293279 -15.546564 -0.080306 0.996636 0.016369 90.087372 -0.291114 -0.039157 0.955887 -5.599678 0.000000 0.000000 0.000000 1.000000
0.973875 -0.018885 0.226298 -14.400408 0.023995 0.999515 -0.019849 90.854301 -0.225813 0.024760 0.973856 -6.092770 0.000000 0.000000 0.000000 1.000000
0.981371 -0.101209 0.163303 -13.375434 0.113367 0.991297 -0.066914 90.876434 -0.155110 0.084181 0.984304 -6.391020 0.000000 0.000000 0.000000 1.000000
0.977170 -0.183571 0.106960 -12.630140 0.194958 0.974844 -0.108026 89.859612 -0.084439 0.126413 0.988377 -6.662998 0.000000 0.000000 0.000000 1.000000
0.962131 -0.265635 0.061177 -12.190255 0.271584 0.953381 -0.131552 87.943008 -0.023380 0.143184 0.989420 -7.096333 0.000000 0.000000 0.000000 1.000000
0.944457 -0.326907 0.033658 -11.993136 0.328470 0.935772 -0.128210 85.578552 0.010417 0.132145 0.991176 -7.724292 0.000000 0.000000 0.000000 1.000000
0.937663 -0.346453 0.027545 -12.047912 0.347440 0.932467 -0.098947 83.360909 0.008596 0.102349 0.994711 -8.355989 0.000000 0.000000 0.000000 1.000000
0.947006 -0.318600 0.040908 -12.430201 0.320512 0.945661 -0.054746 81.781158 -0.021243 0.064957 0.997662 -8.747129 0.000000 0.000000 0.000000 1.000000
0.964901 -0.254036 0.066573 -13.193456 0.255482 0.966712 -0.014044 81.029160 -0.060789 0.030560 0.997683 -8.782557 0.000000 0.000000 0.000000 1.000000
0.980618 -0.171799 0.094204 -14.297284 0.171708 0.985106 0.009130 80.937393 -0.094370 0.007223 0.995511 -8.532450 0.000000 0.000000 0.000000 1.000000
0.989430 -0.084812 0.117626 -15.590160 0.083806 0.996391 0.013482 81.100800 -0.118345 -0.003482 0.992966 -8.166078 0.000000 0.000000 0.000000 1.000000
0.989972 0.008936 0.140979 -16.858576 -0.009851 0.999935 0.005797 81.173569 -0.140918 -0.007127 0.989996 -7.803890 0.000000 0.000000 0.000000 1.000000
0.978153 0.117233 0.171677 -17.913626 -0.117217 0.993053 -0.010261 80.901756 -0.171687 -0.010086 0.985100 -7.453603 0.000000 0.000000 0.000000 1.000000
0.948120 0.237531 0.211302 -18.668503 -0.235705 0.971224 -0.034166 80.138367 -0.213337 -0.017412 0.976824 -7.100571 0.000000 0.000000 0.000000 1.000000
0.902917 0.349196 0.250605 -19.158190 -0.344763 0.936581 -0.062881 78.811470 -0.256670 -0.029623 0.966045 -6.798141 0.000000 0.000000 0.000000 1.000000
0.862012 0.426134 0.274492 -19.454876 -0.419720 0.903681 -0.084832 77.068581 -0.284203 -0.042084 0.957840 -6.672429 0.000000 0.000000 0.000000 1.000000
0.845985 0.456557 0.275437 -19.576462 -0.450279 0.888385 -0.089563 75.190651 -0.285585 -0.048254 0.957138 -6.835957 0.000000 0.000000 0.000000 1.000000
0.859778 0.443899 0.252459 -19.485950 -0.439004 0.895035 -0.078665 73.487335 -0.260879 -0.043197 0.964405 -7.298926 0.000000 0.000000 0.000000 1.000000
0.891663 0.400860 0.210351 -19.111147 -0.396484 0.915773 -0.064494 72.181541 -0.218487 -0.025894 0.975496 -7.966112 0.000000 0.000000 0.000000 1.000000
0.926909 0.338882 0.161238 -18.409557 -0.333859 0.940829 -0.058136 71.347473 -0.171399 0.000056 0.985202 -8.706260 0.000000 0.000000 0.000000 1.000000
0.959216 0.256773 0.118207 -17.477051 -0.251335 0.966096 -0.059071 70.904457 -0.129367 0.026952 0.991230 -9.425288 0.000000 0.000000 0.000000 1.000000
0.985912 0.144768 0.083788 -16.560421 -0.139891 0.988259 -0.061439 70.660812 -0.091698 0.048853 0.994588 -10.055632 0.000000 0.000000 0.000000 1.000000
0.998571 0.005475 0.053169 -15.887766 -0.002130 0.998027 -0.062754 70.404373 -0.053407 0.062551 0.996612 -10.535482 0.000000 0.000000 0.000000 1.000000
0.990869 -0.132844 0.023036 -15.501270 0.134079 0.988852 -0.064762 70.018082 -0.014176 0.067259 0.997635 -10.799434 0.000000 0.000000 0.000000 1.000000
0.974471 -0.224508 -0.001229 -15.246108 0.223933 0.972339 -0.066414 69.642563 0.016106 0.064444 0.997791 -10.813501 0.000000 0.000000 0.000000 1.000000
0.968190 -0.250019 -0.009984 -15.017418 0.248998 0.966638 -0.060088 69.587135 0.024674 0.055691 0.998143 -10.603578 0.000000 0.000000 0.000000 1.000000
0.974347 -0.225047 0.001372 -14.840663 0.224910 0.973502 -0.041352 70.100845 0.007970 0.040600 0.999144 -10.234472 0.000000 0.000000 0.000000 1.000000
0.983162 -0.180670 0.027401 -14.789858 0.181098 0.983365 -0.014030 71.284180 -0.024410 0.018755 0.999526 -9.756212 0.000000 0.000000 0.000000 1.000000
0.988351 -0.142713 0.052867 -14.931203 0.142124 0.989739 0.014759 73.192741 -0.054431 -0.007073 0.998492 -9.172131 0.000000 0.000000 0.000000 1.000000
0.991343 -0.116327 0.060878 -15.240665 0.114117 0.992717 0.038615 75.850876 -0.064927 -0.031334 0.997398 -8.458256 0.000000 0.000000 0.000000 1.000000
0.994616 -0.090512 0.050459 -15.617408 0.087754 0.994654 0.054427 79.194954 -0.055115 -0.049706 0.997242 -7.605861 0.000000 0.000000 0.000000 1.000000
0.997682 -0.059842 0.032384 -16.002350 0.057765 0.996424 0.061663 83.003922 -0.035959 -0.059650 0.997571 -6.628791 0.000000 0.000000 0.000000 1.000000
0.999394 -0.028181 0.020451 -16.394367 0.026912 0.997844 0.059858 86.874336 -0.022093 -0.059271 0.997997 -5.549509 0.000000 0.000000 0.000000 1.000000
0.999738 -0.002721 0.022708 -16.802689 0.001644 0.998878 0.047319 90.319344 -0.022812 -0.047270 0.998622 -4.398412 0.000000 0.000000 0.000000 1.000000
0.999203 0.013572 0.037535 -17.202707 -0.014505 0.999590 0.024704 92.969925 -0.037184 -0.025229 0.998990 -3.245951 0.000000 0.000000 0.000000 1.000000
0.998105 0.023998 0.056662 -17.548140 -0.024038 0.999711 0.000022 94.731758 -0.056645 -0.001384 0.998393 -2.226041 0.000000 0.000000 0.000000 1.000000
0.996771 0.031311 0.073940 -17.816368 -0.030228 0.999419 -0.015719 95.730209 -0.074389 0.013434 0.997139 -1.490921 0.000000 0.000000 0.000000 1.000000
0.995620 0.035627 0.086440 -18.022018 -0.034566 0.999308 -0.013739 96.189598 -0.086869 0.010691 0.996162 -1.128750 0.000000 0.000000 0.000000 1.000000
0.994960 0.035854 0.093640 -18.193478 -0.036661 0.999304 0.006916 96.360970 -0.093327 -0.010314 0.995582 -1.087460 0.000000 0.000000 0.000000 1.000000
0.994819 0.032767 0.096236 -18.342527 -0.036297 0.998722 0.035164 96.503777 -0.094961 -0.038475 0.994737 -1.167305 0.000000 0.000000 0.000000 1.000000
0.994996 0.029269 0.095532 -18.463593 -0.034631 0.997888 0.054955 96.820992 -0.093722 -0.057988 0.993908 -1.146858 0.000000 0.000000 0.000000 1.000000
0.995284 0.027635 0.092981 -18.560648 -0.032929 0.997894 0.055894 97.355042 -0.091241 -0.058693 0.994098 -0.934175 0.000000 0.000000 0.000000 1.000000
0.995492 0.028616 0.090425 -18.655754 -0.032128 0.998776 0.037620 97.916878 -0.089238 -0.040356 0.995192 -0.617272 0.000000 0.000000 0.000000 1.000000
0.995385 0.032787 0.090191 -18.767294 -0.033829 0.999377 0.010053 98.155457 -0.089805 -0.013057 0.995874 -0.395671 0.000000 0.000000 0.000000 1.000000
0.994673 0.041680 0.094283 -18.884998 -0.040901 0.999111 -0.010184 97.809212 -0.094624 0.006273 0.995493 -0.437068 0.000000 0.000000 0.000000 1.000000
0.993186 0.055834 0.102295 -18.975712 -0.055010 0.998427 -0.010858 96.926979 -0.102740 0.005156 0.994695 -0.749316 0.000000 0.000000 0.000000 1.000000
0.991228 0.072321 0.110623 -19.009846 -0.073950 0.997205 0.010695 95.876648 -0.109540 -0.018782 0.993805 -1.191906 0.000000 0.000000 0.000000 1.000000
0.989947 0.084536 0.113393 -18.985319 -0.090163 0.994890 0.045440 95.163208 -0.108973 -0.055207 0.992511 -1.563836 0.000000 0.000000 0.000000 1.000000
0.990724 0.085269 0.105809 -18.925890 -0.093401 0.992842 0.074432 95.153908 -0.098705 -0.083625 0.991597 -1.706546 0.000000 0.000000 0.000000 1.000000
0.993063 0.074492 0.090977 -18.836155 -0.081892 0.993384 0.080514 95.845795 -0.084377 -0.087406 0.992593 -1.596429 0.000000 0.000000 0.000000 1.000000
0.995220 0.059291 0.077601 -18.695198 -0.064117 0.996061 0.061247 96.869133 -0.073663 -0.065930 0.995101 -1.351535 0.000000 0.000000 0.000000 1.000000
0.996091 0.049183 0.073375 -18.481394 -0.051338 0.998295 0.027767 97.706680 -0.071884 -0.031425 0.996918 -1.144854 0.000000 0.000000 0.000000 1.000000
0.995490 0.051481 0.079686 -18.199696 -0.051434 0.998673 -0.002637 97.968010 -0.079716 -0.001473 0.996817 -1.113791 0.000000 0.000000 0.000000 1.000000
0.993364 0.069875 0.091350 -17.873608 -0.068804 0.997520 -0.014824 97.560791 -0.092159 0.008441 0.995709 -1.309564 0.000000 0.000000 0.000000 1.000000
0.989728 0.101265 0.100920 -17.529282 -0.101200 0.994849 -0.005774 96.701385 -0.100985 -0.004498 0.994878 -1.678249 0.000000 0.000000 0.000000 1.000000
0.984832 0.138587 0.104404 -17.164190 -0.141309 0.989781 0.019101 95.767700 -0.100690 -0.033565 0.994352 -2.102578 0.000000 0.000000 0.000000 1.000000
0.979963 0.171971 0.100492 -16.762808 -0.177516 0.982894 0.049059 95.168968 -0.090336 -0.065914 0.993728 -2.429693 0.000000 0.000000 0.000000 1.000000
0.977440 0.191267 0.089602 -16.330685 -0.197853 0.977624 0.071458 95.179184 -0.073930 -0.087574 0.993411 -2.521201 0.000000 0.000000 0.000000 1.000000
0.978679 0.191547 0.074140 -15.890905 -0.197022 0.977501 0.075320 95.801224 -0.058045 -0.088321 0.994399 -2.323162 0.000000 0.000000 0.000000 1.000000
0.981921 0.179967 0.058673 -15.435356 -0.183425 0.981196 0.060084 96.738396 -0.046757 -0.069759 0.996467 -1.935217 0.000000 0.000000 0.000000 1.000000
0.984863 0.166920 0.046728 -14.934991 -0.168525 0.985152 0.032795 97.564980 -0.040560 -0.040173 0.998369 -1.557135 0.000000 0.000000 0.000000 1.000000
0.986344 0.159969 0.039179 -14.363865 -0.160304 0.987052 0.005563 97.926292 -0.037781 -0.011768 0.999217 -1.383782 0.000000 0.000000 0.000000 1.000000
0.986416 0.160619 0.034417 -13.721522 -0.160408 0.987011 -0.008815 97.689766 -0.035385 0.003174 0.999369 -1.496399 0.000000 0.000000 0.000000 1.000000
0.985723 0.165611 0.030383 -13.028791 -0.165632 0.986186 -0.001844 96.995049 -0.030268 -0.003214 0.999537 -1.814912 0.000000 0.000000 0.000000 1.000000
0.984943 0.170899 0.026096 -12.299392 -0.171518 0.984897 0.023657 96.180466 -0.021659 -0.027777 0.999379 -2.138507 0.000000 0.000000 0.000000 1.000000
0.984682 0.173143 0.020583 -11.528578 -0.174057 0.983066 0.057320 95.621078 -0.010310 -0.060024 0.998144 -2.261469 0.000000 0.000000 0.000000 1.000000
0.985585 0.168758 0.011939 -10.708345 -0.169160 0.981913 0.085041 95.584679 0.002628 -0.085834 0.996306 -2.063951 0.000000 0.000000 0.000000 1.000000
0.987929 0.154901 -0.001671 -9.836403 -0.154045 0.983493 0.094932 96.121475 0.016348 -0.093528 0.995482 -1.558756 0.000000 0.000000 0.000000 1.000000
0.990984 0.132602 -0.019160 -8.909389 -0.130543 0.987823 0.084638 97.034775 0.030149 -0.081374 0.996228 -0.881008 0.000000 0.000000 0.000000 1.000000
0.993671 0.106246 -0.036475 -7.921824 -0.103848 0.992638 0.062326 98.002670 0.042828 -0.058144 0.997389 -0.205175 0.000000 0.000000 0.000000 1.000000
0.995608 0.078905 -0.050388 -6.881002 -0.076965 0.996257 0.039351 98.725815 0.053304 -0.035300 0.997954 0.345900 0.000000 0.000000 0.000000 1.000000</float_array>
        <technique_common>
          <accessor source="#mixamorig_Hips-Matrix-animation-output-transform-array" count="149" stride="16">
            <param type="float4x4"/>
          </accessor>
        </technique_common>
      </source>
      <source id="mixamorig_Hips-Interpolations">
        <Name_array id="mixamorig_Hips-Interpolations-array" count="149">
 LINEAR LINEAR LINEAR LINEAR LINEAR LINEAR LINEAR LINEAR LINEAR LINEAR LINEAR
LINEAR LINEAR LINEAR LINEAR LINEAR LINEAR LINEAR LINEAR LINEAR LINEAR LINEAR LINEAR
LINEAR LINEAR LINEAR LINEAR LINEAR LINEAR LINEAR LINEAR LINEAR LINEAR LINEAR LINEAR
LINEAR LINEAR LINEAR LINEAR LINEAR LINEAR LINEAR LINEAR LINEAR LINEAR LINEAR LINEAR
LINEAR LINEAR LINEAR LINEAR LINEAR LINEAR LINEAR LINEAR LINEAR LINEAR LINEAR LINEAR
LINEAR LINEAR LINEAR LINEAR LINEAR LINEAR LINEAR LINEAR LINEAR LINEAR LINEAR LINEAR
LINEAR LINEAR LINEAR LINEAR LINEAR LINEAR LINEAR LINEAR LINEAR LINEAR LINEAR LINEAR
LINEAR LINEAR LINEAR LINEAR LINEAR LINEAR LINEAR LINEAR LINEAR LINEAR LINEAR LINEAR
LINEAR LINEAR LINEAR LINEAR LINEAR LINEAR LINEAR LINEAR LINEAR LINEAR LINEAR LINEAR
LINEAR LINEAR LINEAR LINEAR LINEAR LINEAR LINEAR LINEAR LINEAR LINEAR LINEAR LINEAR
LINEAR LINEAR LINEAR LINEAR LINEAR LINEAR LINEAR LINEAR LINEAR LINEAR LINEAR LINEAR
LINEAR LINEAR LINEAR LINEAR LINEAR LINEAR LINEAR LINEAR LINEAR LINEAR LINEAR LINEAR
LINEAR LINEAR LINEAR LINEAR LINEAR LINEAR</Name_array>
        <technique_common>
          <accessor source="#mixamorig_Hips-Interpolations-array" count="149">
            <param type="name"/>
          </accessor>
        </technique_common>
      </source>
      <sampler id="mixamorig_Hips-Matrix-animation-transform">
        <input semantic="INPUT" source="#mixamorig_Hips-Matrix-animation-input"/>
        <input semantic="OUTPUT" source="#mixamorig_Hips-Matrix-animation-output-transform"/>
        <input semantic="INTERPOLATION" source="#mixamorig_Hips-Interpolations"/>
      </sampler>
      <channel source="#mixamorig_Hips-Matrix-animation-transform" target="mixamorig_Hips/matrix"/>
    </animation>
    <animation id="mixamorig_Spine-anim" name="mixamorig_Spine">
      <source id="mixamorig_Spine-Matrix-animation-input">
        <float_array id="mixamorig_Spine-Matrix-animation-input-array" count="149">

0.000000 0.033333 0.066667 0.100000 0.133333 0.166667 0.200000 0.233333 0.266667 0.300000 0.333333 0.366667 0.400000 0.433333 0.466667 0.500000
0.533333 0.566667 0.600000 0.633333 0.666667 0.700000 0.733333 0.766667 0.800000 0.833333 0.866667 0.900000 0.933333 0.966667 1.000000 1.033333
1.066667 1.100000 1.133333 1.166667 1.200000 1.233333 1.266667 1.300000 1.333333 1.366667 1.400000 1.433333 1.466667 1.500000 1.533333 1.566667
1.600000 1.633333 1.666667 1.700000 1.733333 1.766667 1.800000 1.833333 1.866667 1.900000 1.933333 1.966667 2.000000 2.033333 2.066667 2.100000
2.133333 2.166667 2.200000 2.233333 2.266667 2.300000 2.333333 2.366667 2.400000 2.433333 2.466667 2.500000 2.533333 2.566667 2.600000 2.633333
2.666667 2.700000 2.733333 2.766667 2.800000 2.833333 2.866667 2.900000 2.933333 2.966667 3.000000 3.033333 3.066667 3.100000 3.133333 3.166667
3.200000 3.233333 3.266667 3.300000 3.333333 3.366667 3.400000 3.433333 3.466667 3.500000 3.533333 3.566667 3.600000 3.633333 3.666667 3.700000
3.733333 3.766667 3.800000 3.833333 3.866667 3.900000 3.933333 3.966667 4.000000 4.033333 4.066667 4.100000 4.133333 4.166667 4.200000 4.233333
4.266667 4.300000 4.333333 4.366667 4.400000 4.433333 4.466667 4.500000 4.533333 4.566667 4.600000 4.633333 4.666667 4.700000 4.733333 4.766667
4.800000 4.833333 4.866667 4.900000 4.933333</float_array>
        <technique_common>
          <accessor source="#mixamorig_Spine-Matrix-animation-input-array" count="149">
            <param name="TIME" type="float"/>
          </accessor>
        </technique_common>
      </source>
      <source id="mixamorig_Spine-Matrix-animation-output-transform">
        <float_array id="mixamorig_Spine-Matrix-animation-output-transform-array" count="2384">

0.994954 -0.100301 -0.002481 -0.000000 0.100328 0.994822 0.016253 10.182400 0.000837 -0.016420 0.999865 -0.000000 0.000000 0.000000 0.000000 1.000000
0.994737 -0.102256 -0.006542 -0.000000 0.102379 0.994489 0.022582 10.182400 0.004197 -0.023133 0.999724 0.000000 0.000000 0.000000 0.000000 1.000000
0.994888 -0.100689 -0.007766 0.000000 0.100871 0.994497 0.028294 10.182400 0.004875 -0.028933 0.999569 -0.000000 0.000000 0.000000 0.000000 1.000000
0.995327 -0.096295 -0.007212 0.000000 0.096486 0.994759 0.033829 10.182400 0.003917 -0.034367 0.999402 0.000000 0.000000 0.000000 0.000000 1.000000
0.995813 -0.091132 -0.007147 0.000000 0.091343 0.995046 0.039238 10.182400 0.003536 -0.039727 0.999204 0.000000 0.000000 0.000000 0.000000 1.000000
0.996004 -0.088661 -0.010736 0.000000 0.089047 0.995079 0.043464 10.182400 0.006830 -0.044246 0.998997 0.000000 0.000000 0.000000 0.000000 1.000000
0.995532 -0.092314 -0.019844 -0.000000 0.093099 0.994721 0.043168 10.182400 0.015754 -0.044823 0.998871 0.000000 0.000000 0.000000 0.000000 1.000000
0.994452 -0.100328 -0.031626 0.000000 0.101406 0.994245 0.034547 10.182400 0.027978 -0.037562 0.998903 -0.000000 0.000000 0.000000 0.000000 1.000000
0.993389 -0.107330 -0.040722 0.000000 0.108052 0.994017 0.015971 10.182400 0.038764 -0.020266 0.999043 -0.000000 0.000000 0.000000 0.000000 1.000000
0.993337 -0.107209 -0.042292 0.000000 0.106897 0.994224 -0.009572 10.182400 0.043074 0.004988 0.999059 0.000000 0.000000 0.000000 0.000000 1.000000
0.994679 -0.096852 -0.035127 0.000000 0.095656 0.994824 -0.034275 10.182400 0.038265 0.030733 0.998795 -0.000000 0.000000 0.000000 0.000000 1.000000
0.996549 -0.079579 -0.023620 0.000000 0.078384 0.995777 -0.047793 10.182400 0.027323 0.045776 0.998578 0.000000 0.000000 0.000000 0.000000 1.000000
0.997913 -0.062939 -0.014411 0.000000 0.062246 0.997077 -0.044293 10.182400 0.017157 0.043304 0.998915 0.000000 0.000000 0.000000 0.000000 1.000000
0.998575 -0.052221 -0.010998 0.000000 0.051939 0.998349 -0.024542 10.182400 0.012261 0.023936 0.999638 -0.000000 0.000000 0.000000 0.000000 1.000000
0.998817 -0.047148 -0.011907 0.000000 0.047195 0.998879 0.003694 10.182400 0.011720 -0.004252 0.999922 0.000000 0.000000 0.000000 0.000000 1.000000
0.999070 -0.041553 -0.011533 0.000000 0.041865 0.998722 0.028301 10.182400 0.010342 -0.028758 0.999533 0.000000 0.000000 0.000000 0.000000 1.000000
0.999597 -0.027995 -0.004769 0.000000 0.028159 0.998846 0.038894 10.182400 0.003674 -0.039013 0.999232 -0.000000 0.000000 0.000000 0.000000 1.000000
0.999948 -0.007074 0.007340 -0.000000 0.006830 0.999437 0.032834 10.182400 -0.007569 -0.032782 0.999434 -0.000000 0.000000 0.000000 0.000000 1.000000
0.999727 0.013686 0.018912 -0.000000 -0.013960 0.999798 0.014459 10.182400 -0.018710 -0.014719 0.999717 0.000000 0.000000 0.000000 0.000000 1.000000
0.999471 0.023206 0.022798 0.000000 -0.023066 0.999713 -0.006396 10.182400 -0.022939 0.005867 0.999720 -0.000000 0.000000 0.000000 0.000000 1.000000
0.999799 0.013516 0.014829 0.000000 -0.013247 0.999749 -0.018088 10.182400 -0.015070 0.017888 0.999726 0.000000 0.000000 0.000000 0.000000 1.000000
0.999913 -0.013104 -0.001568 0.000000 0.013080 0.999808 -0.014619 10.182400 0.001759 0.014597 0.999892 0.000000 0.000000 0.000000 0.000000 1.000000
0.998741 -0.046528 -0.018741 0.000000 0.046576 0.998913 0.002118 10.182400 0.018622 -0.002988 0.999822 -0.000000 0.000000 0.000000 0.000000 1.000000
0.996829 -0.073907 -0.029476 -0.000000 0.074638 0.996909 0.024538 10.182400 0.027571 -0.026660 0.999264 0.000000 0.000000 0.000000 0.000000 1.000000
0.995915 -0.084987 -0.030490 -0.000000 0.086201 0.995433 0.041018 10.182400 0.026865 -0.043478 0.998693 0.000000 0.000000 0.000000 0.000000 1.000000
0.996823 -0.076023 -0.023753 0.000000 0.076886 0.996322 0.037828 10.182400 0.020790 -0.039534 0.999002 -0.000000 0.000000 0.000000 0.000000 1.000000
0.998407 -0.054310 -0.015265 0.000000 0.054483 0.998452 0.011174 10.182400 0.014634 -0.011988 0.999821 -0.000000 0.000000 0.000000 0.000000 1.000000
0.999493 -0.030390 -0.009530 0.000000 0.030090 0.999091 -0.030179 10.182400 0.010438 0.029877 0.999499 0.000000 0.000000 0.000000 0.000000 1.000000
0.999864 -0.014058 -0.008574 0.000000 0.013447 0.997621 -0.067620 10.182400 0.009504 0.067496 0.997674 -0.000000 0.000000 0.000000 0.000000 1.000000
0.999870 -0.010464 -0.012302 -0.000000 0.009430 0.996645 -0.081295 10.182400 0.013111 0.081168 0.996614 -0.000000 0.000000 0.000000 0.000000 1.000000
0.999651 -0.017804 -0.019496 -0.000000 0.016597 0.998036 -0.060405 10.182400 0.020533 0.060061 0.997984 -0.000000 0.000000 0.000000 0.000000 1.000000
0.999204 -0.028386 -0.028027 0.000000 0.027915 0.999465 -0.017037 10.182400 0.028495 0.016241 0.999462 -0.000000 0.000000 0.000000 0.000000 1.000000
0.998633 -0.037598 -0.036310 -0.000000 0.038570 0.998906 0.026453 10.182400 0.035275 -0.027817 0.998990 0.000000 0.000000 0.000000 0.000000 1.000000
0.997958 -0.046510 -0.043769 -0.000000 0.048565 0.997707 0.047135 10.182400 0.041476 -0.049164 0.997929 0.000000 0.000000 0.000000 0.000000 1.000000
0.996794 -0.061409 -0.051281 -0.000000 0.063081 0.997507 0.031644 10.182400 0.049210 -0.034778 0.998183 0.000000 0.000000 0.000000 0.000000 1.000000
0.994534 -0.085441 -0.060011 -0.000000 0.084600 0.996280 -0.016423 10.182400 0.061191 0.011256 0.998063 0.000000 0.000000 0.000000 0.000000 1.000000
0.991356 -0.111651 -0.068906 0.000000 0.106285 0.991337 -0.077168 10.182400 0.076925 0.069177 0.994634 -0.000000 0.000000 0.000000 0.000000 1.000000
0.988851 -0.128609 -0.075060 0.000000 0.118256 0.984562 -0.129048 10.182400 0.090498 0.118733 0.988793 0.000000 0.000000 0.000000 0.000000 1.000000
0.988861 -0.128051 -0.075874 -0.000000 0.115124 0.981118 -0.155412 10.182400 0.094342 0.144946 0.984932 -0.000000 0.000000 0.000000 0.000000 1.000000
0.991218 -0.111347 -0.071341 0.000000 0.099793 0.983796 -0.148955 10.182400 0.086771 0.140528 0.986267 0.000000 0.000000 0.000000 0.000000 1.000000
0.993639 -0.091279 -0.065958 0.000000 0.083261 0.989812 -0.115495 10.182400 0.075829 0.109269 0.991116 -0.000000 0.000000 0.000000 0.000000 1.000000
0.994579 -0.081204 -0.064954 -0.000000 0.076617 0.994583 -0.070240 10.182400 0.070306 0.064882 0.995413 0.000000 0.000000 0.000000 0.000000 1.000000
0.993732 -0.086928 -0.070287 0.000000 0.084949 0.995913 -0.030681 10.182400 0.072666 0.024518 0.997055 0.000000 0.000000 0.000000 0.000000 1.000000
0.991224 -0.105586 -0.079544 -0.000000 0.104902 0.994401 -0.012747 10.182400 0.080445 0.004291 0.996750 0.000000 0.000000 0.000000 0.000000 1.000000
0.987775 -0.129013 -0.087502 0.000000 0.127219 0.991539 -0.025802 10.182400 0.090090 0.014355 0.995830 0.000000 0.000000 0.000000 0.000000 1.000000
0.984796 -0.148578 -0.090012 0.000000 0.143187 0.987645 -0.063684 10.182400 0.098362 0.049827 0.993902 0.000000 0.000000 0.000000 0.000000 1.000000
0.983291 -0.160203 -0.086453 0.000000 0.150453 0.982535 -0.109496 10.182400 0.102485 0.094659 0.990220 -0.000000 0.000000 0.000000 0.000000 1.000000
0.983430 -0.163337 -0.078655 0.000000 0.150858 0.977924 -0.144592 10.182400 0.100536 0.130330 0.986360 -0.000000 0.000000 0.000000 0.000000 1.000000
0.984763 -0.159312 -0.069726 0.000000 0.147003 0.976809 -0.155675 10.182400 0.092910 0.143053 0.985344 0.000000 0.000000 0.000000 0.000000 1.000000
0.986766 -0.149365 -0.063106 0.000000 0.139554 0.980476 -0.138533 10.182400 0.082566 0.127893 0.988345 0.000000 0.000000 0.000000 0.000000 1.000000
0.989112 -0.134188 -0.060431 -0.000000 0.127593 0.986543 -0.102243 10.182400 0.073338 0.093419 0.992922 0.000000 0.000000 0.000000 0.000000 1.000000
0.991647 -0.114013 -0.060307 0.000000 0.110494 0.992137 -0.058783 10.182400 0.066535 0.051629 0.996447 0.000000 0.000000 0.000000 0.000000 1.000000
0.994188 -0.090119 -0.058903 -0.000000 0.089135 0.995836 -0.019133 10.182400 0.060382 0.013771 0.998080 -0.000000 0.000000 0.000000 0.000000 1.000000
0.996533 -0.064847 -0.052116 0.000000 0.065361 0.997828 0.008206 10.182400 0.051470 -0.011584 0.998607 0.000000 0.000000 0.000000 0.000000 1.000000
0.998408 -0.040964 -0.038772 0.000000 0.041626 0.998998 0.016419 10.182400 0.038060 -0.018007 0.999113 0.000000 0.000000 0.000000 0.000000 1.000000
0.999480 -0.021341 -0.024173 -0.000000 0.021493 0.999751 0.006068 10.182400 0.024037 -0.006585 0.999689 -0.000000 0.000000 0.000000 0.000000 1.000000
0.999865 -0.006806 -0.014977 -0.000000 0.006552 0.999835 -0.016961 10.182400 0.015090 0.016861 0.999744 0.000000 0.000000 0.000000 0.000000 1.000000
0.999888 0.001409 -0.014930 -0.000000 -0.002033 0.999122 -0.041855 10.182400 0.014858 0.041881 0.999012 -0.000000 0.000000 0.000000 0.000000 1.000000
0.999750 0.001265 -0.022345 0.000000 -0.002529 0.998393 -0.056621 10.182400 0.022238 0.056664 0.998146 0.000000 0.000000 0.000000 0.000000 1.000000
0.999468 -0.009377 -0.031246 0.000000 0.007720 0.998579 -0.052737 10.182400 0.031696 0.052468 0.998119 0.000000 0.000000 0.000000 0.000000 1.000000
0.998928 -0.028178 -0.036733 0.000000 0.027022 0.999135 -0.031604 10.182400 0.037591 0.030577 0.998825 -0.000000 0.000000 0.000000 0.000000 1.000000
0.998168 -0.047737 -0.037161 0.000000 0.047762 0.998859 -0.000195 10.182400 0.037128 -0.001581 0.999309 0.000000 0.000000 0.000000 0.000000 1.000000
0.997896 -0.056620 -0.031595 0.000000 0.057588 0.997871 0.030598 10.182400 0.029796 -0.032353 0.999032 0.000000 0.000000 0.000000 0.000000 1.000000
0.998873 -0.044002 -0.017804 -0.000000 0.044810 0.997848 0.047871 10.182400 0.015659 -0.048615 0.998695 -0.000000 0.000000 0.000000 0.000000 1.000000
0.999947 -0.008796 0.005268 0.000000 0.008578 0.999160 0.040060 10.182400 -0.005616 -0.040013 0.999183 -0.000000 0.000000 0.000000 0.000000 1.000000
0.998898 0.034813 0.031492 0.000000 -0.035007 0.999371 0.005614 10.182400 -0.031277 -0.006710 0.999488 -0.000000 0.000000 0.000000 0.000000 1.000000
0.996554 0.067157 0.048687 0.000000 -0.064966 0.996860 -0.045281 10.182400 -0.051575 0.041962 0.997787 0.000000 0.000000 0.000000 0.000000 1.000000
0.996377 0.072361 0.044689 -0.000000 -0.067954 0.993316 -0.093308 10.182400 -0.051142 0.089933 0.994634 0.000000 0.000000 0.000000 0.000000 1.000000
0.998855 0.045778 0.013913 -0.000000 -0.043770 0.991727 -0.120673 10.182400 -0.019322 0.119926 0.992595 0.000000 0.000000 0.000000 0.000000 1.000000
0.999384 -0.001155 -0.035062 -0.000000 -0.003185 0.992343 -0.123468 10.182400 0.034936 0.123504 0.991729 -0.000000 0.000000 0.000000 0.000000 1.000000
0.994905 -0.051884 -0.086447 0.000000 0.042193 0.992993 -0.110383 10.182400 0.091568 0.106173 0.990123 -0.000000 0.000000 0.000000 0.000000 1.000000
0.986636 -0.100312 -0.128399 0.000000 0.088510 0.991577 -0.094553 10.182400 0.136802 0.081925 0.987205 0.000000 0.000000 0.000000 0.000000 1.000000
0.976405 -0.149600 -0.155734 0.000000 0.136659 0.986449 -0.090784 10.182400 0.167206 0.067360 0.983618 -0.000000 0.000000 0.000000 0.000000 1.000000
0.965787 -0.198313 -0.167118 -0.000000 0.181505 0.977149 -0.110618 10.182400 0.185236 0.076501 0.979712 0.000000 0.000000 0.000000 0.000000 1.000000
